1,1,122.76,333.46,135.61,59.34000000000003,1,1,1.0
1,2,728.02,268.51,76.37,37.889999999999986,1,1,1.0
1,3,208.41,252.09,94.92999999999998,39.33000000000001,1,1,1.0
2,1,102.3,337.38,133.58999999999997,60.30000000000001,1,1,1.0
2,2,715.29,270.17,76.49000000000001,38.5,1,1,1.0
2,3,208.41,252.09,94.92999999999998,39.359999999999985,1,1,1.0
3,1,81.84,341.31,131.57,61.25999999999999,1,1,1.0
3,2,702.57,271.84,76.58999999999992,39.09000000000003,1,1,1.0
3,3,208.41,252.09,94.92999999999998,39.400000000000006,1,1,1.0
4,1,61.38,345.24,129.56,62.20999999999998,1,1,1.0
4,2,689.84,273.5,76.70999999999992,39.69999999999999,1,1,1.0
4,3,208.41,252.09,94.92999999999998,39.42999999999998,1,1,1.0
5,1,40.92,349.16,127.54,63.16999999999996,1,1,1.0
5,2,677.11,275.17,76.81999999999994,40.30000000000001,1,1,1.0
5,3,208.41,252.09,94.92999999999998,39.46000000000001,1,1,1.0
6,1,20.46,353.09,125.51999999999998,64.13000000000005,1,1,1.0
6,2,664.38,276.83,76.94000000000005,40.900000000000034,1,1,1.0
6,3,208.41,252.09,94.92999999999998,39.49999999999997,1,1,1.0
7,1,0.0,357.01,123.5,65.09000000000003,1,1,1.0
7,2,651.65,278.5,77.05000000000007,41.5,1,1,1.0
7,3,208.41,252.09,94.92999999999998,39.53,1,1,1.0
8,1,0.0,357.01,99.0,65.09000000000003,1,1,1.0
8,2,637.14,280.4,77.99000000000001,42.23000000000002,1,1,1.0
8,3,208.41,252.09,94.92999999999998,39.559999999999974,1,1,1.0
9,1,0.0,357.01,74.5,65.09000000000003,1,1,1.0
9,2,622.62,282.31,78.95000000000005,42.95999999999998,1,1,1.0
9,3,208.41,252.09,94.92999999999998,39.59,1,1,1.0
10,1,0.0,357.01,50.0,65.09000000000003,1,1,1.0
10,2,608.11,284.21,79.88999999999999,43.69,1,1,1.0
10,3,208.41,252.09,94.92999999999998,39.630000000000024,1,1,1.0
11,1,0.0,357.01,50.0,65.09000000000003,1,1,1.0
11,2,592.41,286.35,80.94000000000005,43.69,1,1,1.0
11,3,208.41,252.09,94.92999999999998,39.66,1,1,1.0
12,2,576.71,288.49,81.99000000000001,43.69,1,1,1.0
12,3,208.41,252.09,94.92999999999998,39.68999999999997,1,1,1.0
13,2,560.05,290.51,83.90000000000009,44.170000000000016,1,1,1.0
13,3,208.41,252.09,94.92999999999998,39.72999999999999,1,1,1.0
14,2,543.4,292.53,85.80000000000007,44.650000000000034,1,1,1.0
14,3,208.41,252.09,94.92999999999998,39.76000000000002,1,1,1.0
15,2,526.74,294.55,87.71000000000004,45.129999999999995,1,1,1.0
15,3,208.41,252.09,94.92999999999998,39.78999999999999,1,1,1.0
16,2,510.09,296.56,89.61000000000007,45.610000000000014,1,1,1.0
16,3,208.41,252.09,94.92999999999998,39.83000000000001,1,1,1.0
17,2,493.43,298.58,91.52000000000004,46.09000000000003,1,1,1.0
17,3,208.41,252.09,94.92999999999998,39.859999999999985,1,1,1.0
18,2,476.78,300.6,93.42000000000007,46.56999999999999,1,1,1.0
18,3,208.41,252.09,94.92999999999998,39.890000000000015,1,1,1.0
19,2,458.22,303.53,95.31999999999994,47.610000000000014,1,1,1.0
19,3,208.41,252.09,94.92999999999998,39.92999999999998,1,1,1.0
20,2,439.67,306.47,97.21999999999997,48.639999999999986,1,1,1.0
20,3,208.41,252.09,94.92999999999998,39.96000000000001,1,1,1.0
21,2,421.11,309.4,99.12,49.68000000000001,1,1,1.0
21,3,208.41,252.09,94.92999999999998,39.98999999999998,1,1,1.0
22,2,402.55,312.34,101.02999999999997,50.710000000000036,1,1,1.0
22,3,208.41,252.09,94.92999999999998,40.03,1,1,1.0
23,2,383.99,315.27,102.93,51.75,1,1,1.0
23,3,208.41,252.09,94.92999999999998,40.059999999999974,1,1,1.0
24,2,365.43,318.21,104.83999999999997,52.78000000000003,1,1,1.0
24,3,208.41,252.09,94.92999999999998,40.09,1,1,1.0
25,2,346.88,321.14,106.73000000000002,53.81999999999999,1,1,1.0
25,3,208.41,252.09,94.92999999999998,40.130000000000024,1,1,1.0
26,2,328.32,324.07,108.63999999999999,54.860000000000014,1,1,1.0
26,3,208.41,252.09,94.92999999999998,40.16,1,1,1.0
27,2,309.76,327.01,110.54000000000002,55.889999999999986,1,1,1.0
27,3,208.41,252.09,94.92999999999998,40.18999999999997,1,1,1.0
28,2,287.28,331.05,113.99000000000001,56.849999999999966,1,1,1.0
28,3,208.41,252.09,94.92999999999998,40.22999999999999,1,1,1.0
29,2,264.8,335.1,117.43,57.799999999999955,1,1,1.0
29,3,208.41,252.09,94.92999999999998,40.26000000000002,1,1,1.0
30,2,242.31,339.14,120.88999999999999,58.75999999999999,1,1,1.0
30,3,208.41,252.09,94.92999999999998,40.28999999999999,1,1,1.0
31,2,219.83,343.19,124.34,59.70999999999998,1,1,1.0
31,3,208.41,252.09,94.92999999999998,40.33000000000001,1,1,1.0
32,2,197.35,347.23,127.78,60.66999999999996,1,1,1.0
32,3,208.41,252.09,94.92999999999998,40.359999999999985,1,1,1.0
33,2,174.86,351.28,131.24,61.620000000000005,1,1,1.0
33,3,208.41,252.09,94.92999999999998,40.390000000000015,1,1,1.0
34,2,149.88,355.56,133.89,63.55000000000001,1,1,1.0
34,3,208.41,252.09,94.92999999999998,40.41999999999999,1,1,1.0
35,2,124.9,359.84,136.54,65.49000000000001,1,1,1.0
35,3,208.41,252.09,94.92999999999998,40.46000000000001,1,1,1.0
36,2,99.92,364.12,139.19,67.42000000000002,1,1,1.0
36,3,208.41,252.09,94.92999999999998,40.48999999999998,1,1,1.0
37,2,74.94,368.41,141.85,69.34999999999997,1,1,1.0
37,3,208.41,252.09,94.92999999999998,40.52000000000001,1,1,1.0
38,2,49.96,372.69,144.5,71.28000000000003,1,1,1.0
38,3,208.41,252.09,94.92999999999998,40.559999999999974,1,1,1.0
39,2,24.98,376.97,147.15,73.21999999999997,1,1,1.0
39,3,208.41,252.09,94.92999999999998,40.59,1,1,1.0
40,2,0.0,381.25,149.8,75.14999999999998,1,1,1.0
40,3,208.41,252.09,94.92999999999998,40.619999999999976,1,1,1.0
41,2,0.0,385.06,125.53,75.14999999999998,1,1,1.0
41,3,208.41,252.09,94.92999999999998,40.66,1,1,1.0
42,2,0.0,388.87,101.27,75.13999999999999,1,1,1.0
42,3,208.41,252.09,94.92999999999998,40.68999999999997,1,1,1.0
43,2,0.0,392.67,77.0,75.14999999999998,1,1,1.0
43,3,208.41,252.09,94.92999999999998,40.72,1,1,1.0
44,2,0.0,392.67,49.9,75.14999999999998,1,1,1.0
44,3,208.41,252.09,94.92999999999998,40.76000000000002,1,1,1.0
45,2,0.0,392.67,22.8,75.14999999999998,1,1,1.0
45,3,208.41,252.09,94.92999999999998,40.78999999999999,1,1,1.0
46,3,208.41,252.09,94.92999999999998,40.82000000000002,1,1,1.0
47,3,208.41,252.09,94.92999999999998,40.859999999999985,1,1,1.0
48,3,208.41,252.09,94.92999999999998,40.890000000000015,1,1,1.0
49,3,208.41,252.09,94.92999999999998,40.91999999999999,1,1,1.0
50,3,208.41,252.09,94.92999999999998,40.96000000000001,1,1,1.0
51,3,208.41,252.09,94.92999999999998,40.98999999999998,1,1,1.0
52,3,208.41,252.09,94.92999999999998,41.02000000000001,1,1,1.0
53,3,208.41,252.09,94.92999999999998,41.059999999999974,1,1,1.0
54,3,208.41,252.09,94.92999999999998,41.09,1,1,1.0
55,3,208.41,252.09,94.92999999999998,41.119999999999976,1,1,1.0
56,3,208.41,252.09,94.92999999999998,41.16,1,1,1.0
57,3,208.41,252.09,94.92999999999998,41.18999999999997,1,1,1.0
58,3,208.41,252.09,94.92999999999998,41.22,1,1,1.0
59,3,208.41,252.09,94.92999999999998,41.24999999999997,1,1,1.0
60,3,208.41,252.09,94.92999999999998,41.28999999999999,1,1,1.0
61,3,208.41,252.09,94.92999999999998,41.32000000000002,1,1,1.0
62,3,208.41,252.09,94.92999999999998,41.349999999999994,1,1,1.0
63,3,208.41,252.09,94.92999999999998,41.390000000000015,1,1,1.0
64,3,208.41,252.09,94.92999999999998,41.41999999999999,1,1,1.0
65,3,208.41,252.09,94.92999999999998,41.45000000000002,1,1,1.0
66,3,208.41,252.09,94.92999999999998,41.48999999999998,1,1,1.0
67,3,208.41,252.09,94.92999999999998,41.52000000000001,1,1,1.0
68,3,208.41,252.09,94.92999999999998,41.54999999999998,1,1,1.0
69,3,208.41,252.09,94.92999999999998,41.59,1,1,1.0
70,3,208.41,252.09,94.92999999999998,41.619999999999976,1,1,1.0
70,4,856.5,230.68,102.07000000000005,80.71999999999997,1,1,1.0
71,3,208.41,252.09,94.92999999999998,41.650000000000006,1,1,1.0
71,4,849.36,228.5,109.21000000000004,87.19999999999999,1,1,1.0
72,3,208.41,252.09,94.92999999999998,41.68999999999997,1,1,1.0
72,4,841.7,229.35,117.13,88.82000000000002,1,1,1.0
73,3,208.41,252.09,94.92999999999998,41.72,1,1,1.0
73,4,834.05,230.19,125.05000000000007,90.44,1,1,1.0
74,3,208.41,252.09,94.92999999999998,41.74999999999997,1,1,1.0
74,4,826.39,231.04,132.98000000000002,92.06000000000003,1,1,1.0
75,3,208.41,252.09,94.92999999999998,41.78999999999999,1,1,1.0
75,4,818.73,231.88,140.89999999999998,93.68,1,1,1.0
76,3,208.41,252.09,94.92999999999998,41.82000000000002,1,1,1.0
76,4,811.08,232.73,148.81999999999994,95.29999999999998,1,1,1.0
77,3,208.41,252.09,94.92999999999998,41.849999999999994,1,1,1.0
77,4,803.42,233.57,155.43000000000006,96.92000000000002,1,1,1.0
78,3,208.41,252.09,94.92999999999998,41.890000000000015,1,1,1.0
78,4,795.76,234.42,162.03999999999996,98.53999999999999,1,1,1.0
79,3,208.41,252.09,94.92999999999998,41.91999999999999,1,1,1.0
79,4,788.11,235.26,164.34000000000003,100.17000000000002,1,1,1.0
80,3,208.41,252.09,94.92999999999998,41.95000000000002,1,1,1.0
80,4,780.45,236.11,166.64999999999998,101.77999999999997,1,1,1.0
81,3,208.41,252.09,94.92999999999998,41.98999999999998,1,1,1.0
81,4,772.8,236.95,168.95000000000005,103.41000000000003,1,1,1.0
82,3,208.41,252.09,94.92999999999998,42.02000000000001,1,1,1.0
82,4,765.14,237.8,171.26,105.01999999999998,1,1,1.0
83,3,208.41,252.09,94.92999999999998,42.04999999999998,1,1,1.0
83,4,755.21,238.9,174.69999999999993,106.78,1,1,1.0
84,3,208.41,252.09,94.92999999999998,42.09,1,1,1.0
84,4,745.28,240.0,178.14,108.52999999999997,1,1,1.0
85,3,208.41,252.09,94.92999999999998,42.119999999999976,1,1,1.0
85,4,735.36,241.1,181.56999999999994,110.28999999999999,1,1,1.0
86,3,208.41,252.09,94.92999999999998,42.150000000000006,1,1,1.0
86,4,725.43,242.2,185.0100000000001,112.04000000000002,1,1,1.0
87,3,208.41,252.09,94.92999999999998,42.17999999999998,1,1,1.0
87,4,715.5,243.3,188.45000000000005,113.80000000000001,1,1,1.0
88,3,208.41,252.09,94.92999999999998,42.22,1,1,1.0
88,4,705.57,244.4,191.88,115.54999999999998,1,1,1.0
89,3,208.41,252.09,94.92999999999998,42.24999999999997,1,1,1.0
89,4,695.64,245.5,195.32000000000005,117.31,1,1,1.0
90,3,208.41,252.09,94.92999999999998,42.28,1,1,1.0
90,4,685.72,246.6,198.75,119.06000000000003,1,1,1.0
91,3,208.41,252.09,94.92999999999998,42.32000000000002,1,1,1.0
91,4,675.79,247.7,202.19000000000005,120.82,1,1,1.0
92,3,208.41,252.09,94.92999999999998,42.349999999999994,1,1,1.0
92,4,665.86,248.8,205.63,122.57,1,1,1.0
92,5,628.1,265.72,69.23000000000002,32.839999999999975,1,1,1.0
93,3,208.41,252.09,94.92999999999998,42.380000000000024,1,1,1.0
93,4,655.93,249.9,209.07000000000005,124.33000000000001,1,1,1.0
93,5,616.1,266.9,68.39999999999998,31.660000000000025,1,1,1.0
94,3,208.41,252.09,94.92999999999998,42.41999999999999,1,1,1.0
94,4,643.77,250.82,213.21000000000004,127.56,1,1,1.0
94,5,603.29,267.45,71.07000000000005,32.03000000000003,1,1,1.0
95,3,208.41,252.09,94.92999999999998,42.45000000000002,1,1,1.0
95,4,631.61,251.74,217.35000000000002,130.77999999999997,1,1,1.0
95,5,590.47,268.0,73.75,32.39999999999998,1,1,1.0
96,3,208.41,252.09,94.92999999999998,42.47999999999999,1,1,1.0
96,4,619.44,252.66,221.5,134.01000000000002,1,1,1.0
96,5,577.66,268.55,76.42000000000007,32.76999999999998,1,1,1.0
97,3,208.41,252.09,94.92999999999998,42.52000000000001,1,1,1.0
97,4,607.28,253.58,225.64,137.23999999999998,1,1,1.0
97,5,564.85,269.1,79.09000000000003,33.139999999999986,1,1,1.0
98,3,208.41,252.09,94.92999999999998,42.54999999999998,1,1,1.0
98,4,595.12,254.5,229.77999999999997,140.47000000000003,1,1,1.0
98,5,552.03,269.65,81.76999999999998,33.52000000000004,1,1,1.0
99,3,208.41,252.09,94.92999999999998,42.58000000000001,1,1,1.0
99,4,582.95,255.42,233.92999999999995,143.70000000000002,1,1,1.0
99,5,539.22,270.2,84.43999999999994,33.889999999999986,1,1,1.0
100,3,208.41,252.09,94.92999999999998,42.619999999999976,1,1,1.0
100,4,570.79,256.34,238.07000000000005,146.93,1,1,1.0
100,5,526.4,270.75,87.12,34.25999999999999,1,1,1.0
101,3,208.41,252.09,94.92999999999998,42.650000000000006,1,1,1.0
101,4,558.63,257.26,242.21000000000004,150.15000000000003,1,1,1.0
101,5,513.59,271.3,89.78999999999996,34.629999999999995,1,1,1.0
102,3,208.41,252.09,94.92999999999998,42.67999999999998,1,1,1.0
102,4,546.46,258.18,246.36,153.38,1,1,1.0
102,5,500.78,271.85,92.46000000000004,35.0,1,1,1.0
103,3,208.41,252.09,94.92999999999998,42.72,1,1,1.0
103,4,534.3,259.1,250.5,156.60999999999996,1,1,1.0
103,5,487.96,272.4,95.14000000000004,35.370000000000005,1,1,1.0
104,3,208.41,252.09,94.92999999999998,42.74999999999997,1,1,1.0
104,4,519.18,261.31,255.7600000000001,158.73000000000002,1,1,1.0
104,5,473.58,273.14,96.25000000000006,35.370000000000005,1,1,1.0
105,3,208.41,252.09,94.92999999999998,42.78,1,1,1.0
105,4,504.06,263.52,261.02000000000004,160.86,1,1,1.0
105,5,459.2,273.88,97.35999999999996,35.370000000000005,1,1,1.0
106,3,208.41,252.09,94.92999999999998,42.82000000000002,1,1,1.0
106,4,488.95,265.73,266.27000000000004,162.97999999999996,1,1,1.0
106,5,444.82,274.61,98.46999999999997,35.379999999999995,1,1,1.0
107,3,208.41,252.09,94.92999999999998,42.849999999999994,1,1,1.0
107,4,473.83,267.94,271.53000000000003,165.10000000000002,1,1,1.0
107,5,430.44,275.35,99.57999999999998,35.370000000000005,1,1,1.0
108,3,208.41,252.09,94.92999999999998,42.880000000000024,1,1,1.0
108,4,458.71,270.15,276.79,167.22000000000003,1,1,1.0
108,5,416.06,276.09,100.69,35.370000000000005,1,1,1.0
109,3,208.41,252.09,94.92999999999998,42.91999999999999,1,1,1.0
109,4,443.59,272.36,282.05,169.34999999999997,1,1,1.0
109,5,401.68,276.83,101.80000000000001,35.370000000000005,1,1,1.0
110,3,208.41,252.09,94.92999999999998,42.95000000000002,1,1,1.0
110,4,428.47,274.57,287.30999999999995,171.47000000000003,1,1,1.0
110,5,387.3,277.56,102.90999999999997,35.379999999999995,1,1,1.0
110,6,620.25,256.37,89.22000000000003,17.920000000000016,1,1,1.0
111,3,208.41,252.09,94.92999999999998,42.97999999999999,1,1,1.0
111,4,413.35,276.78,292.56999999999994,173.59000000000003,1,1,1.0
111,5,372.92,278.3,104.01999999999998,35.370000000000005,1,1,1.0
111,6,605.49,257.08,92.04999999999995,21.189999999999998,1,1,1.0
112,3,208.41,252.09,94.92999999999998,43.01000000000002,1,1,1.0
112,4,398.24,278.99,297.81999999999994,175.70999999999998,1,1,1.0
112,5,358.54,279.04,105.13,35.370000000000005,1,1,1.0
112,6,590.73,257.79,94.88999999999999,24.46999999999997,1,1,1.0
113,3,208.41,252.09,94.92999999999998,43.04999999999998,1,1,1.0
113,7,913.4,217.01,46.60000000000002,52.69,1,1,1.0
113,4,383.12,281.2,303.08000000000004,177.84000000000003,1,1,1.0
113,5,344.16,279.78,106.23999999999995,35.370000000000005,1,1,1.0
113,6,575.98,258.5,97.71000000000004,27.74000000000001,1,1,1.0
114,3,208.41,252.09,94.92999999999998,43.08000000000001,1,1,1.0
114,7,908.24,217.1,49.73000000000002,53.609999999999985,1,1,1.0
114,4,362.38,283.04,312.21000000000004,179.13,1,1,1.0
114,5,328.3,280.98,107.17000000000002,35.45999999999998,1,1,1.0
114,6,562.24,259.14,98.08000000000004,29.129999999999995,1,1,1.0
115,3,208.41,252.09,94.92999999999998,43.109999999999985,1,1,1.0
115,7,903.08,217.19,52.860000000000014,54.53000000000003,1,1,1.0
115,4,341.63,284.88,321.35,180.43,1,1,1.0
115,5,312.45,282.18,108.09000000000003,35.55000000000001,1,1,1.0
115,6,548.51,259.78,98.45000000000005,30.52000000000004,1,1,1.0
116,3,208.41,252.09,94.92999999999998,43.150000000000006,1,1,1.0
116,7,897.91,217.28,56.0,55.45000000000002,1,1,1.0
116,4,320.89,286.72,330.48,181.72999999999996,1,1,1.0
116,5,296.59,283.38,109.02000000000004,35.639999999999986,1,1,1.0
116,6,534.77,260.42,98.82000000000005,31.909999999999968,1,1,1.0
117,3,208.41,252.09,94.92999999999998,43.17999999999998,1,1,1.0
117,7,892.75,217.37,59.129999999999995,56.370000000000005,1,1,1.0
117,4,300.15,288.56,339.61,183.01999999999998,1,1,1.0
117,5,280.73,284.59,109.94999999999999,35.72000000000003,1,1,1.0
117,6,521.04,261.06,99.18000000000006,33.30000000000001,1,1,1.0
118,3,208.41,252.09,94.92999999999998,43.21000000000001,1,1,1.0
118,7,887.59,217.46,62.25999999999999,57.28999999999999,1,1,1.0
118,4,279.41,290.4,348.73999999999995,184.32000000000005,1,1,1.0
118,5,264.88,285.79,110.87,35.81,1,1,1.0
118,6,507.3,261.7,99.55000000000001,34.68000000000001,1,1,1.0
119,3,208.41,252.09,94.92999999999998,43.24999999999997,1,1,1.0
119,7,882.43,217.55,65.3900000000001,58.20999999999998,1,1,1.0
119,4,258.67,292.24,357.86999999999995,185.62,1,1,1.0
119,5,249.02,286.99,111.79999999999998,35.89999999999998,1,1,1.0
119,6,493.57,262.34,99.91000000000003,36.07000000000005,1,1,1.0
120,3,208.41,252.09,94.92999999999998,43.28,1,1,1.0
120,7,877.26,217.63,68.52999999999997,59.139999999999986,1,1,1.0
120,4,237.93,294.08,366.99999999999994,186.91000000000003,1,1,1.0
120,5,233.17,288.19,112.72,35.99000000000001,1,1,1.0
120,6,479.83,262.98,100.28000000000003,37.45999999999998,1,1,1.0
121,3,208.41,252.09,94.92999999999998,43.309999999999974,1,1,1.0
121,7,872.1,217.72,71.65999999999997,60.059999999999974,1,1,1.0
121,4,217.18,295.92,376.14000000000004,188.20999999999998,1,1,1.0
121,5,217.31,289.4,113.64999999999998,36.07000000000005,1,1,1.0
121,6,466.1,263.62,100.63999999999999,38.85000000000002,1,1,1.0
122,3,208.41,252.09,94.92999999999998,43.349999999999994,1,1,1.0
122,7,866.94,217.81,74.78999999999996,60.98000000000002,1,1,1.0
122,4,196.44,297.76,385.27000000000004,189.5,1,1,1.0
122,5,201.46,290.6,114.56999999999996,36.15999999999997,1,1,1.0
122,6,452.36,264.26,101.00999999999999,40.24000000000001,1,1,1.0
123,3,208.41,252.09,94.92999999999998,43.380000000000024,1,1,1.0
123,7,861.78,217.9,77.92000000000007,61.900000000000006,1,1,1.0
123,4,175.7,299.6,394.40000000000003,190.79999999999995,1,1,1.0
123,5,185.6,291.8,115.50000000000003,36.25999999999999,1,1,1.0
123,6,438.62,264.9,101.38,41.620000000000005,1,1,1.0
124,3,208.41,252.09,94.92999999999998,43.41,1,1,1.0
124,7,855.6,218.55,79.02999999999997,61.89999999999998,1,1,1.0
124,4,150.83,302.09,405.24,195.40000000000003,1,1,1.0
124,5,167.62,292.72,116.98000000000002,37.17999999999995,1,1,1.0
124,6,423.14,265.55,103.68000000000006,42.71999999999997,1,1,1.0
125,3,208.41,252.09,94.92999999999998,43.45000000000002,1,1,1.0
125,7,849.42,219.2,80.13999999999999,61.889999999999986,1,1,1.0
125,4,125.96,304.57,416.08,200.0,1,1,1.0
125,5,149.65,293.64,118.45000000000002,38.10000000000002,1,1,1.0
125,6,407.65,266.2,105.99000000000001,43.81999999999999,1,1,1.0
126,3,208.41,252.09,94.92999999999998,43.47999999999999,1,1,1.0
126,7,843.25,219.85,81.24000000000001,61.890000000000015,1,1,1.0
126,4,101.09,307.06,426.91999999999996,204.60000000000002,1,1,1.0
126,5,131.67,294.56,119.93,39.02999999999997,1,1,1.0
126,6,392.16,266.85,108.29999999999995,44.91999999999996,1,1,1.0
127,3,208.41,252.09,94.92999999999998,43.51000000000002,1,1,1.0
127,7,837.07,220.5,82.34999999999991,61.879999999999995,1,1,1.0
127,4,76.21,309.54,437.78000000000003,209.2,1,1,1.0
127,5,113.7,295.48,121.39999999999999,39.94999999999999,1,1,1.0
127,6,376.68,267.5,110.59999999999997,46.00999999999999,1,1,1.0
128,3,208.41,252.09,94.92999999999998,43.54999999999998,1,1,1.0
128,7,830.9,221.15,83.45000000000005,61.87999999999997,1,1,1.0
128,4,51.34,312.03,448.62,213.80000000000007,1,1,1.0
128,5,95.72,296.4,122.88,40.870000000000005,1,1,1.0
128,6,361.19,268.15,112.91000000000003,47.110000000000014,1,1,1.0
129,3,208.41,252.09,94.92999999999998,43.58000000000001,1,1,1.0
129,7,824.72,221.8,84.55999999999995,61.870000000000005,1,1,1.0
129,4,26.47,314.51,459.46000000000004,218.39999999999998,1,1,1.0
129,5,77.75,297.32,124.35,41.80000000000001,1,1,1.0
129,6,345.7,268.8,115.22000000000003,48.20999999999998,1,1,1.0
130,3,208.41,252.09,94.92999999999998,43.609999999999985,1,1,1.0
130,7,818.54,222.45,85.67000000000007,61.870000000000005,1,1,1.0
130,4,1.6,317.0,470.29999999999995,223.0,1,1,1.0
130,5,59.77,298.24,125.82999999999998,42.71999999999997,1,1,1.0
130,6,330.22,269.45,117.51999999999998,49.31,1,1,1.0
131,3,208.41,252.09,94.92999999999998,43.650000000000006,1,1,1.0
131,7,812.37,223.1,86.76999999999998,61.859999999999985,1,1,1.0
131,4,1.56,319.5,453.61,220.5,1,1,1.0
131,5,41.79,299.16,127.31,43.639999999999986,1,1,1.0
131,6,314.73,270.1,119.82999999999998,50.39999999999998,1,1,1.0
132,3,208.41,252.09,94.92999999999998,43.67999999999998,1,1,1.0
132,7,806.19,223.75,87.88,61.860000000000014,1,1,1.0
132,4,1.51,322.0,436.92,218.0,1,1,1.0
132,5,23.82,300.08,128.78,44.56999999999999,1,1,1.0
132,6,299.24,270.75,122.13999999999999,51.5,1,1,1.0
133,3,208.41,252.09,94.92999999999998,43.71000000000001,1,1,1.0
133,7,800.01,224.4,88.99000000000001,61.849999999999994,1,1,1.0
133,4,1.47,324.5,420.22999999999996,215.5,1,1,1.0
133,5,5.84,301.0,130.26,45.49000000000001,1,1,1.0
133,6,283.76,271.4,124.44,52.60000000000002,1,1,1.0
134,3,208.41,252.09,94.92999999999998,43.74999999999997,1,1,1.0
134,7,792.64,224.95,89.90999999999997,61.860000000000014,1,1,1.0
134,4,1.47,327.91,400.59,212.08999999999997,1,1,1.0
134,5,5.13,301.2,112.71000000000001,45.5,1,1,1.0
134,6,267.25,272.69,125.27999999999997,52.60000000000002,1,1,1.0
135,3,208.41,252.09,94.92999999999998,43.78,1,1,1.0
135,7,785.27,225.5,90.83000000000004,61.860000000000014,1,1,1.0
135,4,1.47,331.32,380.95,208.68,1,1,1.0
135,5,4.41,301.41,95.18,45.48999999999995,1,1,1.0
135,6,250.75,273.98,126.11000000000001,52.599999999999966,1,1,1.0
136,3,208.41,252.09,94.92999999999998,43.809999999999974,1,1,1.0
136,7,777.89,226.05,91.75999999999999,61.860000000000014,1,1,1.0
136,4,1.47,334.73,361.30999999999995,205.26999999999998,1,1,1.0
136,5,3.7,301.61,77.63,45.49000000000001,1,1,1.0
136,6,234.25,275.27,126.94,52.60000000000002,1,1,1.0
137,3,208.41,252.09,94.92999999999998,43.849999999999994,1,1,1.0
137,7,770.52,226.6,92.68000000000006,61.87000000000003,1,1,1.0
137,4,1.47,338.14,341.66999999999996,201.86,1,1,1.0
137,5,2.99,301.82,60.08,45.49000000000001,1,1,1.0
137,6,217.75,276.56,127.76999999999998,52.60000000000002,1,1,1.0
138,3,208.41,252.09,94.92999999999998,43.880000000000024,1,1,1.0
138,7,763.14,227.15,93.61000000000001,61.869999999999976,1,1,1.0
138,4,1.47,341.55,322.03,198.45,1,1,1.0
138,5,2.27,302.02,42.54,45.49000000000001,1,1,1.0
138,6,201.25,277.85,128.60000000000002,52.599999999999966,1,1,1.0
139,3,208.41,252.09,94.92999999999998,43.91,1,1,1.0
139,7,755.77,227.7,94.52999999999997,61.870000000000005,1,1,1.0
139,4,1.47,344.96,302.39,195.04000000000002,1,1,1.0
139,5,1.56,302.22,25.0,45.5,1,1,1.0
139,6,184.75,279.14,129.43,52.60000000000002,1,1,1.0
140,3,208.41,252.09,94.92999999999998,43.93999999999997,1,1,1.0
140,7,748.39,228.25,95.46000000000004,61.879999999999995,1,1,1.0
140,4,1.47,348.37,282.75,191.63,1,1,1.0
140,5,0.85,302.43,7.450000000000001,45.49000000000001,1,1,1.0
140,6,168.25,280.43,130.26,52.599999999999966,1,1,1.0
141,3,208.41,252.09,94.92999999999998,43.97999999999999,1,1,1.0
141,7,741.02,228.8,96.38,61.879999999999995,1,1,1.0
141,4,1.47,351.78,263.10999999999996,188.22000000000003,1,1,1.0
141,6,151.75,281.72,131.08999999999997,52.599999999999966,1,1,1.0
142,3,208.41,252.09,94.92999999999998,44.01000000000002,1,1,1.0
142,7,733.64,229.35,97.31000000000006,61.880000000000024,1,1,1.0
142,4,1.47,355.19,243.47,184.81,1,1,1.0
142,6,135.25,283.02,131.92000000000002,52.59000000000003,1,1,1.0
143,3,208.41,252.09,94.92999999999998,44.03999999999999,1,1,1.0
143,7,726.27,229.9,98.23000000000002,61.87999999999997,1,1,1.0
143,4,1.47,358.6,223.83,181.39999999999998,1,1,1.0
143,6,118.75,284.31,132.75,52.60000000000002,1,1,1.0
144,3,208.41,252.09,94.92999999999998,44.08000000000001,1,1,1.0
144,7,718.15,229.9,99.14999999999998,62.809999999999974,1,1,1.0
144,4,1.47,363.2,198.21,176.8,1,1,1.0
144,6,101.05,285.04,133.67000000000002,54.81999999999999,1,1,1.0
144,8,763.71,471.93,130.62,67.16000000000003,1,1,1.0
145,3,208.41,252.09,94.92999999999998,44.109999999999985,1,1,1.0
145,7,710.04,229.9,100.06000000000006,63.72999999999999,1,1,1.0
145,4,1.47,367.8,172.59,172.2,1,1,1.0
145,6,83.35,285.78,134.59,57.03000000000003,1,1,1.0
145,8,774.47,466.15,127.53999999999996,73.39999999999998,1,1,1.0
146,3,208.41,252.09,94.92999999999998,44.140000000000015,1,1,1.0
146,7,701.93,229.9,100.97000000000003,64.65,1,1,1.0
146,4,1.47,372.4,146.97,167.60000000000002,1,1,1.0
146,6,65.65,286.52,135.51,59.24000000000001,1,1,1.0
146,8,785.24,460.38,124.45000000000005,79.62,1,1,1.0
147,3,208.41,252.09,94.92999999999998,44.17999999999998,1,1,1.0
147,7,693.82,229.9,101.88,65.58000000000001,1,1,1.0
147,4,1.47,377.0,121.35,163.0,1,1,1.0
147,6,47.95,287.26,136.43,61.44999999999999,1,1,1.0
147,8,795.38,457.14,124.45000000000005,80.56000000000006,1,1,1.0
148,3,208.41,252.09,94.92999999999998,44.21000000000001,1,1,1.0
148,7,685.71,229.9,102.78999999999996,66.49999999999997,1,1,1.0
148,4,1.47,381.6,95.73,158.39999999999998,1,1,1.0
148,6,30.25,288.0,137.35,63.660000000000025,1,1,1.0
148,8,805.52,453.9,124.45000000000005,81.49000000000001,1,1,1.0
149,3,208.41,252.09,94.92999999999998,44.23999999999998,1,1,1.0
149,7,676.72,230.36,104.63,66.5,1,1,1.0
149,4,1.47,389.47,70.03,150.52999999999997,1,1,1.0
149,6,20.17,289.84,130.36,63.660000000000025,1,1,1.0
149,8,813.35,449.29,121.60000000000002,81.48999999999995,1,1,1.0
150,3,208.41,252.09,94.92999999999998,44.28,1,1,1.0
150,7,667.73,230.82,106.47000000000003,66.5,1,1,1.0
150,4,1.47,397.33,44.33,142.67000000000002,1,1,1.0
150,6,10.08,291.69,123.39,63.64999999999998,1,1,1.0
150,8,821.19,444.68,118.7399999999999,81.48999999999995,1,1,1.0
151,3,208.41,252.09,94.92999999999998,44.309999999999974,1,1,1.0
151,7,658.74,231.28,108.30999999999995,66.49999999999997,1,1,1.0
151,4,1.47,405.2,18.630000000000003,134.8,1,1,1.0
151,6,0.0,293.53,116.4,63.660000000000025,1,1,1.0
151,8,829.02,440.07,115.89999999999998,81.48999999999995,1,1,1.0
152,3,208.41,252.09,94.92999999999998,44.309999999999974,1,1,1.0
152,7,649.75,231.74,110.14999999999998,66.5,1,1,1.0
152,6,1.67,295.38,99.53,63.64999999999998,1,1,1.0
152,8,836.86,435.46,113.03999999999996,81.50000000000006,1,1,1.0
153,3,208.41,252.09,94.92999999999998,44.309999999999974,1,1,1.0
153,7,639.61,231.93,111.52999999999997,67.05000000000001,1,1,1.0
153,6,1.67,295.38,83.48,63.64999999999998,1,1,1.0
153,8,844.05,432.05,106.86000000000001,80.30000000000001,1,1,1.0
154,3,208.41,252.09,94.92999999999998,44.309999999999974,1,1,1.0
154,7,629.47,232.12,112.90999999999997,67.60000000000002,1,1,1.0
154,6,1.67,295.38,67.42999999999999,63.64999999999998,1,1,1.0
154,8,851.25,428.64,100.66999999999996,79.10000000000002,1,1,1.0
155,3,208.41,252.09,94.92999999999998,44.309999999999974,1,1,1.0
155,7,619.33,232.3,114.28999999999996,68.15999999999997,1,1,1.0
155,6,1.11,295.38,49.160000000000004,63.64999999999998,1,1,1.0
155,8,858.44,425.23,94.4899999999999,77.90999999999997,1,1,1.0
156,3,208.41,252.09,94.92999999999998,44.309999999999974,1,1,1.0
156,7,609.19,232.49,115.66999999999996,68.69999999999999,1,1,1.0
156,6,0.56,295.38,30.87,63.64999999999998,1,1,1.0
156,8,865.64,421.82,88.30000000000007,76.70999999999998,1,1,1.0
157,3,208.41,252.09,94.92999999999998,44.309999999999974,1,1,1.0
157,7,599.05,232.67,117.05000000000007,69.26000000000002,1,1,1.0
157,6,0.0,295.38,12.6,63.64999999999998,1,1,1.0
157,8,872.83,418.41,82.12,75.51999999999998,1,1,1.0
158,3,208.41,252.09,94.92999999999998,44.309999999999974,1,1,1.0
158,7,588.91,232.86,118.43000000000006,69.81,1,1,1.0
158,8,880.02,415.0,75.94000000000005,74.32,1,1,1.0
159,3,208.41,252.09,94.92999999999998,44.309999999999974,1,1,1.0
159,7,578.77,233.04,119.81000000000006,70.37000000000003,1,1,1.0
159,8,887.22,411.59,69.75,73.13000000000005,1,1,1.0
160,3,208.41,252.09,94.92999999999998,44.309999999999974,1,1,1.0
160,7,568.63,233.23,121.19000000000005,70.91,1,1,1.0
160,8,894.41,408.18,63.57000000000005,71.93,1,1,1.0
161,3,208.41,252.09,94.92999999999998,44.309999999999974,1,1,1.0
161,7,558.49,233.41,122.56999999999994,71.47,1,1,1.0
161,8,901.61,404.77,57.379999999999995,70.74000000000001,1,1,1.0
162,3,208.41,252.09,94.92999999999998,44.309999999999974,1,1,1.0
162,7,548.35,233.6,123.94999999999993,72.02000000000001,1,1,1.0
162,8,908.8,401.36,51.200000000000045,69.53999999999996,1,1,1.0
163,3,208.41,252.09,94.92999999999998,44.309999999999974,1,1,1.0
163,7,537.6,234.68,124.25,72.00999999999999,1,1,1.0
163,8,914.03,396.75,45.97000000000003,68.92000000000002,1,1,1.0
164,3,208.41,252.09,94.92999999999998,44.309999999999974,1,1,1.0
164,7,526.84,235.75,124.55999999999995,72.01999999999998,1,1,1.0
164,8,919.27,392.14,40.73000000000002,68.29000000000002,1,1,1.0
165,3,208.41,252.09,94.92999999999998,44.309999999999974,1,1,1.0
165,7,516.09,236.83,124.86000000000001,72.00999999999996,1,1,1.0
165,8,924.5,387.53,35.5,67.67000000000002,1,1,1.0
166,3,208.41,252.09,94.92999999999998,44.309999999999974,1,1,1.0
166,7,505.33,237.9,125.17000000000002,72.02000000000001,1,1,1.0
166,8,929.1,387.53,30.899999999999977,63.97000000000003,1,1,1.0
167,3,208.41,252.09,94.92999999999998,44.309999999999974,1,1,1.0
167,7,494.58,238.98,125.46999999999997,72.02000000000001,1,1,1.0
167,8,933.7,387.53,26.299999999999955,60.27000000000004,1,1,1.0
168,3,208.41,252.09,94.92999999999998,44.309999999999974,1,1,1.0
168,7,483.82,240.05,125.78000000000003,72.01999999999998,1,1,1.0
168,8,938.3,387.53,21.700000000000045,56.57000000000005,1,1,1.0
169,3,208.41,252.09,94.92999999999998,44.309999999999974,1,1,1.0
169,7,472.22,240.06,127.55999999999995,72.37,1,1,1.0
169,8,944.45,387.53,15.549999999999955,51.22000000000003,1,1,1.0
170,3,208.41,252.09,94.92999999999998,44.309999999999974,1,1,1.0
170,7,460.63,240.08,129.32000000000005,72.69999999999996,1,1,1.0
170,8,950.6,387.53,9.399999999999977,45.870000000000005,1,1,1.0
171,3,208.41,252.09,94.92999999999998,44.309999999999974,1,1,1.0
171,7,449.03,240.09,131.10000000000002,73.04999999999998,1,1,1.0
171,8,950.6,387.53,9.399999999999977,45.870000000000005,1,1,1.0
172,3,208.41,252.09,94.92999999999998,44.309999999999974,1,1,1.0
172,7,437.43,240.1,132.86999999999995,73.4,1,1,1.0
173,3,208.41,252.09,94.92999999999998,44.309999999999974,1,1,1.0
173,7,425.94,240.23,133.65000000000003,73.72,1,1,1.0
174,3,208.41,252.09,94.92999999999998,44.309999999999974,1,1,1.0
174,7,414.46,240.35,134.42000000000002,74.06000000000003,1,1,1.0
175,3,208.41,252.09,94.92999999999998,44.309999999999974,1,1,1.0
175,7,402.97,240.48,135.19999999999993,74.38000000000002,1,1,1.0
176,3,208.41,252.09,94.92999999999998,44.309999999999974,1,1,1.0
176,7,391.49,240.61,135.97000000000003,74.69999999999999,1,1,1.0
177,3,208.41,252.09,94.92999999999998,44.309999999999974,1,1,1.0
177,7,380.0,240.74,136.75,75.02999999999997,1,1,1.0
178,3,208.41,252.09,94.92999999999998,44.309999999999974,1,1,1.0
178,7,368.52,240.86,137.53000000000003,75.36000000000001,1,1,1.0
179,3,208.41,252.09,94.92999999999998,44.309999999999974,1,1,1.0
179,7,357.03,240.99,138.31,75.69,1,1,1.0
180,3,208.41,252.09,94.92999999999998,44.309999999999974,1,1,1.0
180,7,345.55,241.12,139.07999999999998,76.00999999999999,1,1,1.0
181,3,208.41,252.09,94.92999999999998,44.309999999999974,1,1,1.0
181,7,334.06,241.25,139.86,76.33999999999997,1,1,1.0
182,3,208.41,252.09,94.92999999999998,44.309999999999974,1,1,1.0
182,7,322.58,241.37,140.63,76.67000000000002,1,1,1.0
183,3,208.41,252.09,94.92999999999998,44.309999999999974,1,1,1.0
183,7,311.09,241.5,141.41000000000003,76.99000000000001,1,1,1.0
184,3,208.41,252.09,94.92999999999998,44.309999999999974,1,1,1.0
184,7,299.47,242.11,141.61999999999995,78.12,1,1,1.0
185,3,208.41,252.09,94.92999999999998,44.309999999999974,1,1,1.0
185,7,287.85,242.73,141.82,79.22999999999999,1,1,1.0
186,3,208.41,252.09,94.92999999999998,44.309999999999974,1,1,1.0
186,7,276.22,243.34,142.03999999999996,80.35,1,1,1.0
187,3,208.41,252.09,94.92999999999998,44.309999999999974,1,1,1.0
187,7,264.6,243.96,142.23999999999995,81.47,1,1,1.0
188,3,208.41,252.09,94.92999999999998,44.309999999999974,1,1,1.0
188,7,252.97,244.57,142.46,82.59000000000003,1,1,1.0
189,3,208.41,252.09,94.92999999999998,44.309999999999974,1,1,1.0
189,7,241.35,245.19,142.66,83.69999999999999,1,1,1.0
190,3,208.41,252.09,94.92999999999998,44.309999999999974,1,1,1.0
190,7,229.73,245.8,142.87000000000003,84.82999999999998,1,1,1.0
